uc_indegree_3day
         bin_cut  bin_label     size      0.0    1.0  bad_rate  Responder  Non-responder       WOE        IV
0   (0.999, 2.0]   1.255587  13424.0  13227.0  197.0  0.014675   0.241718       0.309853 -0.248327  0.016920
1     (2.0, 3.0]   3.000000   1879.0   1830.0   49.0  0.026078   0.060123       0.042869  0.338234  0.005836
2     (3.0, 5.0]   4.456729   2415.0   2359.0   56.0  0.023188   0.068712       0.055261  0.217844  0.002930
3     (5.0, 8.0]   6.913353   2389.0   2335.0   54.0  0.022604   0.066258       0.054699  0.191702  0.002216
4    (8.0, 13.0]  10.738047   2447.0   2386.0   61.0  0.024928   0.074847       0.055894  0.291985  0.005534
5   (13.0, 24.0]  18.194018   2474.0   2383.0   91.0  0.036783   0.111656       0.055824  0.693229  0.038705
6  (24.0, 846.0]  56.062049   2772.0   2648.0  124.0  0.044733   0.152147       0.062031  0.897207  0.080852
7             NA        NaN  15703.0  15520.0  183.0  0.011654   0.224540       0.363568 -0.481914  0.067000

date_ratio_7
                         bin_cut  bin_label    size     0.0    1.0  bad_rate  Responder  Non-responder       WOE        IV
0  (0.019799999999999998, 0.087]   0.066431  4452.0  4435.0   17.0  0.003819   0.020859       0.103893 -1.605585  0.133319
1                 (0.087, 0.115]   0.102094  4254.0  4223.0   31.0  0.007287   0.038037       0.098927 -0.955829  0.058201
2                 (0.115, 0.143]   0.132662  5181.0  5141.0   40.0  0.007721   0.049080       0.120432 -0.897638  0.064048
3                 (0.143, 0.167]   0.161602  3627.0  3602.0   25.0  0.006893   0.030675       0.084380 -1.011884  0.054343
4                   (0.167, 0.2]   0.192315  4497.0  4451.0   46.0  0.010229   0.056442       0.104268 -0.613758  0.029354
5                    (0.2, 0.25]   0.236624  5339.0  5260.0   79.0  0.014797   0.096933       0.123220 -0.239953  0.006308
6                  (0.25, 0.312]   0.286178  3122.0  3082.0   40.0  0.012812   0.049080       0.072198 -0.385970  0.008923
7                   (0.312, 0.4]   0.355827  4982.0  4862.0  120.0  0.024087   0.147239       0.113896  0.256772  0.008562
8                   (0.4, 0.556]   0.483228  3742.0  3618.0  124.0  0.033137   0.152147       0.084754  0.585090  0.039431
9                   (0.556, 1.0]   0.820580  4307.0  4014.0  293.0  0.068029   0.359509       0.094031  1.341114  0.356036

uc_act_time_3day
            bin_cut    bin_label     size      0.0    1.0  bad_rate  Responder  Non-responder       WOE        IV
0     (0.999, 20.0]     2.651815   8349.0   8260.0   89.0  0.010660   0.109202       0.193497 -0.572058  0.048221
1      (20.0, 48.0]    33.039021   2819.0   2784.0   35.0  0.012416   0.042945       0.065217 -0.417811  0.009306
2      (48.0, 91.0]    68.117795   2776.0   2726.0   50.0  0.018012   0.061350       0.063859 -0.040083  0.000101
3     (91.0, 152.0]   119.932014   2780.0   2733.0   47.0  0.016906   0.057669       0.064023 -0.104523  0.000664
4    (152.0, 246.0]   196.380692   2745.0   2673.0   72.0  0.026230   0.088344       0.062617  0.344194  0.008855
5    (246.0, 411.0]   321.162950   2780.0   2701.0   79.0  0.028417   0.096933       0.063273  0.426556  0.014358
6    (411.0, 766.0]   557.957792   2772.0   2671.0  101.0  0.036436   0.123926       0.062570  0.683397  0.041931
7  (766.0, 12770.0]  1621.097157   2779.0   2620.0  159.0  0.057215   0.195092       0.061376  1.156460  0.154638
8                NA          NaN  15703.0  15520.0  183.0  0.011654   0.224540       0.363568 -0.481914  0.067000

indegree_total_1day
         bin_cut  bin_label     size      0.0    1.0  bad_rate  Responder  Non-responder       WOE        IV
0   (0.999, 2.0]   1.303012   4947.0   4836.0  111.0  0.022438   0.136196       0.113287  0.184172  0.004219
1     (2.0, 4.0]   3.417635   1463.0   1421.0   42.0  0.028708   0.051534       0.033288  0.437039  0.007974
2     (4.0, 6.0]   5.460938    896.0    867.0   29.0  0.032366   0.035583       0.020310  0.560742  0.008564
3     (6.0, 9.0]   7.886203    993.0    968.0   25.0  0.025176   0.030675       0.022676  0.302129  0.002417
4    (9.0, 15.0]  12.234875   1124.0   1089.0   35.0  0.031139   0.042945       0.025511  0.520818  0.009080
5   (15.0, 29.0]  21.242168   1181.0   1123.0   58.0  0.049111   0.071166       0.026307  0.995169  0.044642
6  (29.0, 433.0]  63.750217   1153.0   1093.0   60.0  0.052038   0.073620       0.025604  1.056148  0.050711
7             NA        NaN  31746.0  31291.0  455.0  0.014333   0.558282       0.733016 -0.272303  0.047581

indegree_total_3day
         bin_cut   bin_label     size      0.0    1.0  bad_rate  Responder  Non-responder       WOE        IV
0   (0.999, 2.0]    1.337489   8744.0   8595.0  149.0  0.017040   0.182822       0.201345 -0.096505  0.001788
1     (2.0, 4.0]    3.428529   3351.0   3272.0   79.0  0.023575   0.096933       0.076649  0.234776  0.004762
2     (4.0, 6.0]    5.454752   2199.0   2145.0   54.0  0.024557   0.066258       0.050248  0.276574  0.004428
3     (6.0, 9.0]    7.944003   2393.0   2341.0   52.0  0.021730   0.063804       0.054840  0.151395  0.001357
4    (9.0, 15.0]   12.212999   3108.0   3051.0   57.0  0.018340   0.069939       0.071472 -0.021688  0.000033
5   (15.0, 24.0]   19.511947   2553.0   2482.0   71.0  0.027810   0.087117       0.058143  0.404345  0.011715
6   (24.0, 46.0]   33.761712   2711.0   2623.0   88.0  0.032460   0.107975       0.061446  0.563748  0.026231
7  (46.0, 979.0]  102.039767   2741.0   2659.0   82.0  0.029916   0.100613       0.062289  0.479499  0.018376
8             NA         NaN  15703.0  15520.0  183.0  0.011654   0.224540       0.363568 -0.481914  0.067000

ratio_act_time_3day
                bin_cut  bin_label     size      0.0    1.0  bad_rate  Responder  Non-responder       WOE            IV
0  (-0.0009297, 0.0323]   0.009613   2781.0   2762.0   19.0  0.006832   0.023313       0.064702 -1.020786  4.224947e-02
1       (0.0323, 0.252]   0.129506   2779.0   2752.0   27.0  0.009716   0.033129       0.064468 -0.665761  2.086425e-02
2        (0.252, 0.635]   0.429791   2780.0   2728.0   52.0  0.018705   0.063804       0.063906 -0.001595  1.625056e-07
3          (0.635, 1.0]   0.978025  19460.0  18926.0  534.0  0.027441   0.655215       0.443356  0.390589  8.274950e-02
4                    NA        NaN  15703.0  15520.0  183.0  0.011654   0.224540       0.363568 -0.481914  6.699965e-02

uc_act_totalCnt_15day
           bin_cut   bin_label    size     0.0    1.0  bad_rate  Responder  Non-responder       WOE        IV
0     (0.999, 6.0]    4.111238  5268.0  5197.0   71.0  0.013478   0.087117       0.121744 -0.334672  0.011589
1      (6.0, 11.0]    8.998853  3488.0  3438.0   50.0  0.014335   0.061350       0.080538 -0.272137  0.005222
2     (11.0, 18.0]   14.772779  4401.0  4321.0   80.0  0.018178   0.098160       0.101223 -0.030730  0.000094
3     (18.0, 27.0]   22.785632  4343.0  4272.0   71.0  0.016348   0.087117       0.100075 -0.138672  0.001797
4     (27.0, 39.0]   33.203540  4294.0  4210.0   84.0  0.019562   0.103067       0.098623  0.044084  0.000196
5     (39.0, 56.0]   47.474927  4447.0  4363.0   84.0  0.018889   0.103067       0.102207  0.008387  0.000007
6     (56.0, 82.0]   68.620276  4340.0  4262.0   78.0  0.017972   0.095706       0.099841 -0.042300  0.000175
7    (82.0, 123.0]  101.021256  4234.0  4155.0   79.0  0.018658   0.096933       0.097334 -0.004135  0.000002
8   (123.0, 212.0]  161.922248  4360.0  4258.0  102.0  0.023394   0.125153       0.099747  0.226903  0.005765
9  (212.0, 4506.0]  407.299908  4328.0  4212.0  116.0  0.026802   0.142331       0.098669  0.366382  0.015997

login_tm_dist
                  bin_cut     bin_label    size     0.0    1.0  bad_rate  Responder  Non-responder       WOE        IV
0     (68.999, 1436475.6]  6.998735e+05  4351.0  4066.0  285.0  0.065502   0.349693       0.095249  1.300559  0.330919
1  (1436475.6, 2477123.2]  2.060012e+06  4350.0  4263.0   87.0  0.020000   0.106748       0.099864  0.066665  0.000459
2  (2477123.2, 3189933.2]  2.857444e+06  4350.0  4277.0   73.0  0.016782   0.089571       0.100192 -0.112063  0.001190
3  (3189933.2, 3746103.2]  3.470051e+06  4350.0  4290.0   60.0  0.013793   0.073620       0.100497 -0.311212  0.008364
4  (3746103.2, 4256912.0]  4.018297e+06  4351.0  4285.0   66.0  0.015169   0.080982       0.100379 -0.214736  0.004165
5  (4256912.0, 4642117.8]  4.467676e+06  4350.0  4285.0   65.0  0.014943   0.079755       0.100379 -0.230004  0.004744
6  (4642117.8, 4933507.2]  4.792868e+06  4350.0  4287.0   63.0  0.014483   0.077301       0.100426 -0.261723  0.006053
7  (4933507.2, 5207428.6]  5.072147e+06  4350.0  4309.0   41.0  0.009425   0.050307       0.100942 -0.696404  0.035262
8  (5207428.6, 5466231.2]  5.347028e+06  4350.0  4310.0   40.0  0.009195   0.049080       0.100965 -0.721329  0.037426
9  (5466231.2, 5616000.0]  5.547547e+06  4351.0  4316.0   35.0  0.008044   0.042945       0.101106 -0.856251  0.049800

rule_uid
  bin_cut  bin_label     size      0.0    1.0  bad_rate  Responder  Non-responder       WOE        IV
0       0        0.0  42761.0  42097.0  664.0  0.015528   0.814724       0.986155 -0.190965  0.032737
1       1        1.0    742.0    591.0  151.0  0.203504   0.185276       0.013845  2.593949  0.444684

indegree_total_2day
         bin_cut  bin_label     size      0.0    1.0  bad_rate  Responder  Non-responder       WOE        IV
0   (0.999, 2.0]   1.323896   7382.0   7242.0  140.0  0.018965   0.171779       0.169650  0.012475  0.000027
1     (2.0, 3.0]   3.000000   1461.0   1425.0   36.0  0.024641   0.044172       0.033382  0.280077  0.003022
2     (3.0, 5.0]   4.465851   1962.0   1907.0   55.0  0.028033   0.067485       0.044673  0.412532  0.009411
3     (5.0, 8.0]   6.936061   1955.0   1904.0   51.0  0.026087   0.062577       0.044603  0.338598  0.006086
4    (8.0, 12.0]  10.381768   1810.0   1771.0   39.0  0.021547   0.047853       0.041487  0.142747  0.000909
5   (12.0, 20.0]  16.092424   1980.0   1923.0   57.0  0.028788   0.069939       0.045048  0.439895  0.010949
6   (20.0, 37.0]  27.585811   1917.0   1839.0   78.0  0.040689   0.095706       0.043080  0.798217  0.042007
7  (37.0, 747.0]  82.564769   2038.0   1963.0   75.0  0.036801   0.092025       0.045985  0.693744  0.031940
8             NA        NaN  22998.0  22714.0  284.0  0.012349   0.348466       0.532093 -0.423277  0.077725

ratio_indegree_5day
                           bin_cut  bin_label     size      0.0    1.0  bad_rate  Responder  Non-responder       WOE        IV
0  (-2.400000000000004e-05, 0.118]   0.057878   3713.0   3679.0   34.0  0.009157   0.041718       0.086183 -0.725551  0.032262
1                   (0.118, 0.292]   0.198163   3717.0   3676.0   41.0  0.011030   0.050307       0.086113 -0.537523  0.019247
2                     (0.292, 0.5]   0.424364   4770.0   4699.0   71.0  0.014885   0.087117       0.110078 -0.233940  0.005372
3                     (0.5, 0.739]   0.635865   2657.0   2603.0   54.0  0.020324   0.066258       0.060977  0.083049  0.000439
4                   (0.739, 0.963]   0.856894   3708.0   3605.0  103.0  0.027778   0.126380       0.084450  0.403137  0.016904
5                     (0.963, 1.0]   0.999378  18565.0  18116.0  449.0  0.024185   0.550920       0.424382  0.260957  0.033021
6                               NA        NaN   6373.0   6310.0   63.0  0.009885   0.077301       0.147817 -0.648271  0.045714

uc_act_ratio_60day
                           bin_cut  bin_label    size     0.0    1.0  bad_rate  Responder  Non-responder       WOE        IV
0  (-7.999999999999978e-06, 0.107]   0.063299  4351.0  4302.0   49.0  0.011262   0.060123       0.100778 -0.516530  0.021000
1                   (0.107, 0.196]   0.150277  4351.0  4304.0   47.0  0.010802   0.057669       0.100825 -0.558667  0.024110
2                   (0.196, 0.294]   0.243617  4349.0  4293.0   56.0  0.012877   0.068712       0.100567 -0.380904  0.012134
3                   (0.294, 0.415]   0.352102  4350.0  4290.0   60.0  0.013793   0.073620       0.100497 -0.311212  0.008364
4                   (0.415, 0.555]   0.483547  4351.0  4271.0   80.0  0.018387   0.098160       0.100052 -0.019092  0.000036
5                   (0.555, 0.716]   0.634505  4350.0  4296.0   54.0  0.012414   0.066258       0.100637 -0.417971  0.014370
6                   (0.716, 0.867]   0.794528  4352.0  4278.0   74.0  0.017004   0.090798       0.100216 -0.098691  0.000929
7                   (0.867, 0.975]   0.925788  4348.0  4256.0   92.0  0.021159   0.112883       0.099700  0.124189  0.001637
8                   (0.975, 1.003]   0.996153  4351.0  4216.0  135.0  0.031027   0.165644       0.098763  0.517118  0.034585
9                     (1.003, 8.0]   1.055242  4350.0  4182.0  168.0  0.038621   0.206135       0.097967  0.743904  0.080467

user_act_time_5day
             bin_cut    bin_label    size     0.0    1.0  bad_rate  Responder  Non-responder       WOE        IV
0      (0.999, 32.0]     7.728991  7723.0  7639.0   84.0  0.010877   0.103067       0.178950 -0.551720  0.041866
1       (32.0, 92.0]    62.255011  3592.0  3533.0   59.0  0.016425   0.072393       0.082763 -0.133880  0.001388
2      (92.0, 182.0]   135.493506  3619.0  3568.0   51.0  0.014092   0.062577       0.083583 -0.289450  0.006080
3     (182.0, 303.0]   240.506958  3665.0  3593.0   72.0  0.019645   0.088344       0.084169  0.048408  0.000202
4     (303.0, 475.0]   382.816260  3690.0  3625.0   65.0  0.017615   0.079755       0.084918 -0.062737  0.000324
5     (475.0, 746.0]   600.222072  3706.0  3628.0   78.0  0.021047   0.095706       0.084989  0.118757  0.001273
6    (746.0, 1184.0]   944.418392  3719.0  3603.0  116.0  0.031191   0.142331       0.084403  0.522553  0.030271
7   (1184.0, 2204.0]  1606.550337  3705.0  3586.0  119.0  0.032119   0.146012       0.084005  0.552816  0.034279
8  (2204.0, 49287.0]  4634.551873  3711.0  3603.0  108.0  0.029103   0.132515       0.084403  0.451094  0.021703
9                 NA          NaN  6373.0  6310.0   63.0  0.009885   0.077301       0.147817 -0.648271  0.045714

uc_act_ratio_15day
                            bin_cut  bin_label     size      0.0    1.0  bad_rate  Responder  Non-responder       WOE        IV
0  (-0.00010000000000000005, 0.111]   0.057955   4364.0   4341.0   23.0  0.005270   0.028221       0.101691 -1.281881  0.094180
1                    (0.111, 0.236]   0.171552   4337.0   4289.0   48.0  0.011068   0.058896       0.100473 -0.534123  0.022207
2                    (0.236, 0.395]   0.310935   4350.0   4298.0   52.0  0.011954   0.063804       0.100684 -0.456176  0.016824
3                    (0.395, 0.581]   0.484459   4355.0   4294.0   61.0  0.014007   0.074847       0.100590 -0.295615  0.007610
4                    (0.581, 0.777]   0.678125   4346.0   4289.0   57.0  0.013116   0.069939       0.100473 -0.362273  0.011062
5                    (0.777, 0.943]   0.864899   4358.0   4271.0   87.0  0.019963   0.106748       0.100052  0.064790  0.000434
6                      (0.943, 1.0]   0.995080  11166.0  10933.0  233.0  0.020867   0.285890       0.256114  0.109982  0.003275
7                      (1.0, 1.019]   1.011405   1888.0   1812.0   76.0  0.040254   0.093252       0.042448  0.787032  0.039984
8                     (1.019, 27.0]   1.266518   4339.0   4161.0  178.0  0.041023   0.218405       0.097475  0.806758  0.097561

user_date_cnt_b15day
        bin_cut  bin_label     size      0.0    1.0  bad_rate  Responder  Non-responder       WOE        IV
0  (0.999, 2.0]   1.550533  13140.0  12718.0  422.0  0.032116   0.517791       0.297929  0.552717  0.121522
1    (2.0, 3.0]   3.000000   6755.0   6647.0  108.0  0.015988   0.132515       0.155711 -0.161305  0.003742
2    (3.0, 4.0]   4.000000   5744.0   5671.0   73.0  0.012709   0.089571       0.132848 -0.394176  0.017059
3    (4.0, 5.0]   5.000000   4749.0   4688.0   61.0  0.012845   0.074847       0.109820 -0.383402  0.013409
4    (5.0, 6.0]   6.000000   3520.0   3483.0   37.0  0.010511   0.045399       0.081592 -0.586246  0.021218
5    (6.0, 7.0]   7.000000   2688.0   2666.0   22.0  0.008185   0.026994       0.062453 -0.838807  0.029743
6    (7.0, 9.0]   8.438793   3578.0   3531.0   47.0  0.013136   0.057669       0.082716 -0.360704  0.009035
7   (9.0, 15.0]  11.509162   3329.0   3284.0   45.0  0.013518   0.055215       0.076930 -0.331670  0.007202

user_total_login_cnt
        bin_cut  bin_label    size     0.0    1.0  bad_rate  Responder  Non-responder       WOE        IV
0  (0.999, 4.0]   2.907044  6530.0  6106.0  424.0  0.064931   0.520245       0.143038  1.291191  0.487047
1    (4.0, 5.0]   5.000000  2705.0  2662.0   43.0  0.015896   0.052761       0.062359 -0.167148  0.001604
2    (5.0, 7.0]   6.502558  5472.0  5392.0   80.0  0.014620   0.098160       0.126312 -0.252160  0.007099
3    (7.0, 8.0]   8.000000  2703.0  2674.0   29.0  0.010729   0.035583       0.062641 -0.565550  0.015302
4   (8.0, 10.0]   9.487296  4841.0  4787.0   54.0  0.011155   0.066258       0.112139 -0.526190  0.024142
5  (10.0, 12.0]  11.468187  4165.0  4127.0   38.0  0.009124   0.046626       0.096678 -0.729235  0.036500
6  (12.0, 15.0]  13.943089  4920.0  4875.0   45.0  0.009146   0.055215       0.114201 -0.726728  0.042867
7  (15.0, 19.0]  17.334615  4160.0  4126.0   34.0  0.008173   0.041718       0.096655 -0.840218  0.046159
8  (19.0, 25.0]  22.224766  3844.0  3809.0   35.0  0.009105   0.042945       0.089229 -0.731289  0.033847
9  (25.0, 64.0]  33.870286  4163.0  4130.0   33.0  0.007927   0.040491       0.096749 -0.871040  0.049003

uc_act_time_zone_2
         bin_cut  bin_label     size      0.0    1.0  bad_rate  Responder  Non-responder       WOE        IV
0  (-0.001, 2.5]   0.235304  26326.0  25914.0  412.0  0.015650   0.505521       0.607056 -0.183030  0.018584
1   (2.5, 5.333]   3.988980   4181.0   4112.0   69.0  0.016503   0.084663       0.096327 -0.129073  0.001506
2  (5.333, 10.0]   7.477693   4606.0   4535.0   71.0  0.015415   0.087117       0.106236 -0.198415  0.003794
3   (10.0, 20.5]  14.618179   4078.0   3965.0  113.0  0.027710   0.138650       0.092883  0.400612  0.018335
4  (20.5, 976.0]  45.857551   4312.0   4162.0  150.0  0.034787   0.184049       0.097498  0.635369  0.054992

uc_act_ratio_7day
                          bin_cut  bin_label     size      0.0    1.0  bad_rate  Responder  Non-responder       WOE        IV
0  (3.999999999999989e-05, 0.118]   0.058636   4373.0   4347.0   26.0  0.005946   0.031902       0.101832 -1.160660  0.081165
1                  (0.118, 0.264]   0.187935   4328.0   4284.0   44.0  0.010166   0.053988       0.100356 -0.619968  0.028747
2                  (0.264, 0.465]   0.359945   4351.0   4296.0   55.0  0.012641   0.067485       0.100637 -0.399621  0.013248
3                  (0.465, 0.692]   0.575465   4384.0   4324.0   60.0  0.013686   0.073620       0.101293 -0.319107  0.008831
4                   (0.692, 0.93]   0.816526   4323.0   4238.0   85.0  0.019662   0.104294       0.099278  0.049290  0.000247
5                     (0.93, 1.0]   0.996869  15830.0  15539.0  291.0  0.018383   0.357055       0.364013 -0.019300  0.000134
6                    (1.0, 1.021]   1.012562   1588.0   1524.0   64.0  0.040302   0.078528       0.035701  0.788274  0.033759
7                   (1.021, 27.0]   1.372822   4326.0   4136.0  190.0  0.043920   0.233129       0.096889  0.878025  0.119622

uc_indegree_2day
         bin_cut  bin_label     size      0.0    1.0  bad_rate  Responder  Non-responder       WOE        IV
0   (0.999, 2.0]   1.243044  10566.0  10387.0  179.0  0.016941   0.219632       0.243324 -0.102439  0.002427
1     (2.0, 4.0]   3.412538   2281.0   2216.0   65.0  0.028496   0.079755       0.051912  0.429413  0.011956
2     (4.0, 7.0]   5.899151   2003.0   1943.0   60.0  0.029955   0.073620       0.045516  0.480841  0.013513
3    (7.0, 11.0]   9.344888   1702.0   1655.0   47.0  0.027615   0.057669       0.038770  0.397076  0.007504
4   (11.0, 21.0]  15.767116   1928.0   1859.0   69.0  0.035788   0.084663       0.043549  0.664798  0.027333
5  (21.0, 662.0]  48.930864   2025.0   1914.0  111.0  0.054815   0.136196       0.044837  1.111065  0.101506
6             NA        NaN  22998.0  22714.0  284.0  0.012349   0.348466       0.532093 -0.423277  0.077725

uc_act_totalCnt
           bin_cut   bin_label    size     0.0    1.0  bad_rate  Responder  Non-responder       WOE        IV
0    (0.999, 24.0]   14.046776  4575.0  4381.0  194.0  0.042404   0.238037       0.102628  0.841311  0.113921
1     (24.0, 42.0]   33.500605  4133.0  4037.0   96.0  0.023228   0.117791       0.094570  0.219576  0.005099
2     (42.0, 62.0]   52.308310  4356.0  4262.0   94.0  0.021579   0.115337       0.099841  0.144286  0.002236
3     (62.0, 85.0]   73.651703  4433.0  4362.0   71.0  0.016016   0.087117       0.102183 -0.159521  0.002403
4    (85.0, 113.0]   99.056422  4360.0  4307.0   53.0  0.012156   0.065031       0.100895 -0.439220  0.015752
5   (113.0, 148.0]  129.993728  4305.0  4249.0   56.0  0.013008   0.068712       0.099536 -0.370602  0.011424
6   (148.0, 196.0]  171.723286  4333.0  4271.0   62.0  0.014309   0.076074       0.100052 -0.273984  0.006570
7   (196.0, 269.0]  230.251559  4329.0  4268.0   61.0  0.014091   0.074847       0.099981 -0.289542  0.007278
8   (269.0, 416.8]  332.822089  4328.0  4276.0   52.0  0.012015   0.063804       0.100169 -0.451045  0.016402
9  (416.8, 8495.0]  723.099977  4351.0  4275.0   76.0  0.017467   0.093252       0.100145 -0.071321  0.000492

user_act_totalCnt_15day
            bin_cut   bin_label    size     0.0   1.0  bad_rate  Responder  Non-responder       WOE        IV
0    (-0.001, 11.0]    5.898331  4554.0  4457.0  97.0  0.021300   0.119018       0.104409  0.130965  0.001913
1      (11.0, 23.0]   17.166400  4375.0  4280.0  95.0  0.021714   0.116564       0.100262  0.150654  0.002456
2      (23.0, 38.0]   30.684826  4277.0  4192.0  85.0  0.019874   0.104294       0.098201  0.060203  0.000367
3      (38.0, 58.0]   48.100501  4388.0  4310.0  78.0  0.017776   0.095706       0.100965 -0.053499  0.000281
4      (58.0, 84.0]   70.831981  4190.0  4113.0  77.0  0.018377   0.094479       0.096350 -0.019618  0.000037
5     (84.0, 120.0]  101.304298  4328.0  4255.0  73.0  0.016867   0.089571       0.099677 -0.106906  0.001080
6    (120.0, 175.0]  145.946089  4359.0  4281.0  78.0  0.017894   0.095706       0.100286 -0.046748  0.000214
7    (175.0, 265.0]  215.934748  4337.0  4246.0  91.0  0.020982   0.111656       0.099466  0.115612  0.001409
8    (265.0, 469.0]  350.011721  4351.0  4276.0  75.0  0.017237   0.092025       0.100169 -0.084800  0.000691
9  (469.0, 11785.0]  938.716390  4344.0  4278.0  66.0  0.015193   0.080982       0.100216 -0.213101  0.004099

uc_indegree_7day
          bin_cut  bin_label     size      0.0    1.0  bad_rate  Responder  Non-responder       WOE        IV
0    (0.999, 2.0]   1.285675  18269.0  18042.0  227.0  0.012425   0.278528       0.422648 -0.417023  0.060101
1      (2.0, 4.0]   3.417954   5180.0   5096.0   84.0  0.016216   0.103067       0.119378 -0.146909  0.002396
2      (4.0, 6.0]   5.459468   3232.0   3168.0   64.0  0.019802   0.078528       0.074213  0.056512  0.000244
3     (6.0, 10.0]   8.336158   4367.0   4266.0  101.0  0.023128   0.123926       0.099934  0.215174  0.005162
4    (10.0, 16.0]  13.235955   3827.0   3749.0   78.0  0.020381   0.095706       0.087823  0.085949  0.000677
5    (16.0, 32.0]  22.992083   4421.0   4299.0  122.0  0.027596   0.149693       0.100707  0.396368  0.019416
6  (32.0, 1170.0]  72.714999   4207.0   4068.0  139.0  0.033040   0.170552       0.095296  0.582052  0.043803

uc_buy_bool_day7
  bin_cut  bin_label     size      0.0    1.0  bad_rate  Responder  Non-responder       WOE        IV
0       0        0.0  22740.0  22407.0  333.0  0.014644   0.408589       0.524902 -0.250501  0.029136
1       1        1.0   1417.0   1386.0   31.0  0.021877   0.038037       0.032468  0.158295  0.000881
2       2        2.0    180.0    178.0    2.0  0.011111   0.002454       0.004170 -0.530151  0.000910
3       3        3.0     40.0     38.0    2.0  0.050000   0.002454       0.000890  1.014046  0.001586
4       4        4.0      3.0      3.0    NaN  0.000000        NaN       0.000070       NaN       NaN
5      NA        NaN  19123.0  18676.0  447.0  0.023375   0.548466       0.437500  0.226049  0.025084

user_date_cnt_b7day
  bin_cut  bin_label     size      0.0    1.0  bad_rate  Responder  Non-responder       WOE        IV
0       1        1.0  14609.0  14275.0  334.0  0.022863   0.409816       0.334403  0.203361  0.015336
1       2        2.0  11023.0  10824.0  199.0  0.018053   0.244172       0.253561 -0.037731  0.000354
2       3        3.0   7513.0   7391.0  122.0  0.016239   0.149693       0.173140 -0.145512  0.003412
3       4        4.0   4874.0   4801.0   73.0  0.014977   0.089571       0.112467 -0.227635  0.005212
4       5        5.0   2917.0   2864.0   53.0  0.018169   0.065031       0.067091 -0.031198  0.000064
5       6        6.0   1685.0   1659.0   26.0  0.015430   0.031902       0.038863 -0.197389  0.001374
6       7        7.0    882.0    874.0    8.0  0.009070   0.009816       0.020474 -0.735154  0.007835

uc_act_decay_3
          bin_cut  bin_label     size      0.0    1.0  bad_rate  Responder  Non-responder       WOE        IV
0  (-0.001, 0.24]   0.012140  39179.0  38482.0  697.0   0.01779   0.855215       0.901471 -0.052675  0.002437
1  (0.24, 19.207]   0.719223   4324.0   4206.0  118.0   0.02729   0.144785       0.098529  0.384902  0.017804

uc_act_5
          bin_cut  bin_label     size      0.0    1.0  bad_rate  Responder  Non-responder  WOE   IV
0  (-0.001, 32.0]   0.113188  43503.0  42688.0  815.0  0.018734        1.0            1.0  0.0  0.0

user_act_time_7day
             bin_cut    bin_label    size     0.0    1.0  bad_rate  Responder  Non-responder       WOE        IV
0      (0.999, 36.0]     8.867693  8707.0  8606.0  101.0  0.011600   0.123926       0.201602 -0.486609  0.037798
1       (36.0, 99.0]    68.082934  4377.0  4320.0   57.0  0.013023   0.069939       0.101199 -0.369474  0.011550
2      (99.0, 182.0]   140.389878  4327.0  4259.0   68.0  0.015715   0.083436       0.099770 -0.178797  0.002921
3     (182.0, 297.0]   236.533916  4349.0  4271.0   78.0  0.017935   0.095706       0.100052 -0.044409  0.000193
4     (297.0, 457.0]   372.254758  4361.0  4285.0   76.0  0.017427   0.093252       0.100379 -0.073657  0.000525
5     (457.0, 709.0]   574.869965  4345.0  4249.0   96.0  0.022094   0.117791       0.099536  0.168394  0.003074
6    (709.0, 1140.0]   902.970039  4339.0  4233.0  106.0  0.024430   0.130061       0.099161  0.271258  0.008382
7   (1140.0, 2104.0]  1542.290182  4349.0  4219.0  130.0  0.029892   0.159509       0.098833  0.478666  0.029043
8  (2104.0, 56930.0]  4348.617843  4349.0  4246.0  103.0  0.023684   0.126380       0.099466  0.239481  0.006446

uc_date_ratio_15
           bin_cut  bin_label     size      0.0    1.0  bad_rate  Responder  Non-responder       WOE        IV
0  (0.0657, 0.333]   0.252430   5854.0   5806.0   48.0  0.008200   0.058896       0.136010 -0.836961  0.064542
1     (0.333, 0.5]   0.466332   6545.0   6460.0   85.0  0.012987   0.104294       0.151331 -0.372248  0.017509
2     (0.5, 0.571]   0.561907    801.0    796.0    5.0  0.006242   0.006135       0.018647 -1.111676  0.013909
3   (0.571, 0.667]   0.645909   4229.0   4175.0   54.0  0.012769   0.066258       0.097803 -0.389401  0.012284
4   (0.667, 0.833]   0.772556   4331.0   4274.0   57.0  0.013161   0.069939       0.100122 -0.358769  0.010829
5     (0.833, 1.0]   0.995183  21743.0  21177.0  566.0  0.026031   0.694479       0.496088  0.336408  0.066740

uc_last_tm_dist
                bin_cut      bin_label    size     0.0    1.0  bad_rate  Responder  Non-responder       WOE        IV
0      (0.999, 16082.2]    7706.946449  4351.0  4178.0  173.0  0.039761   0.212270       0.097873  0.774189  0.088565
1    (16082.2, 45005.6]   29817.832644  4350.0  4224.0  126.0  0.028966   0.154601       0.098951  0.446229  0.024833
2    (45005.6, 93183.6]   69382.610115  4350.0  4272.0   78.0  0.017931   0.095706       0.100075 -0.044644  0.000195
3   (93183.6, 125651.2]  107885.082299  4350.0  4259.0   91.0  0.020920   0.111656       0.099770  0.112555  0.001338
4  (125651.2, 181411.0]  152653.364660  4352.0  4272.0   80.0  0.018382   0.098160       0.100075 -0.019326  0.000037
5  (181411.0, 223004.4]  201927.371350  4349.0  4278.0   71.0  0.016326   0.087117       0.100216 -0.140076  0.001835
6  (223004.4, 289752.2]  259686.201149  4350.0  4303.0   47.0  0.010805   0.057669       0.100801 -0.558435  0.024087
7  (289752.2, 368447.8]  323650.088506  4350.0  4293.0   57.0  0.013103   0.069939       0.100567 -0.363205  0.011124
8  (368447.8, 473701.6]  419452.699540  4350.0  4296.0   54.0  0.012414   0.066258       0.100637 -0.417971  0.014370
9  (473701.6, 604797.0]  535270.242703  4351.0  4313.0   38.0  0.008734   0.046626       0.101035 -0.773318  0.042076

user_act_totalCnt_7day
           bin_cut   bin_label    size     0.0    1.0  bad_rate  Responder  Non-responder       WOE        IV
0    (-0.001, 5.0]    2.891898  4394.0  4329.0   65.0  0.014793   0.079755       0.101410 -0.240220  0.005202
1      (5.0, 11.0]    8.100228  4829.0  4751.0   78.0  0.016152   0.095706       0.111296 -0.150917  0.002353
2     (11.0, 18.0]   14.782761  4281.0  4214.0   67.0  0.015651   0.082209       0.098716 -0.182990  0.003021
3     (18.0, 28.0]   23.208799  4205.0  4119.0   86.0  0.020452   0.105521       0.096491  0.089467  0.000808
4     (28.0, 41.0]   34.752751  4089.0  4026.0   63.0  0.015407   0.077301       0.094312 -0.198909  0.003384
5     (41.0, 61.0]   50.847461  4412.0  4329.0   83.0  0.018812   0.101840       0.101410  0.004234  0.000002
6     (61.0, 91.0]   75.463539  4306.0  4229.0   77.0  0.017882   0.094479       0.099068 -0.047430  0.000218
7    (91.0, 145.0]  115.092443  4327.0  4228.0   99.0  0.022880   0.121472       0.099044  0.204121  0.004578
8   (145.0, 268.0]  196.558538  4322.0  4217.0  105.0  0.024294   0.128834       0.098787  0.265566  0.007980
9  (268.0, 6024.0]  562.266482  4338.0  4246.0   92.0  0.021208   0.112883       0.099466  0.126541  0.001698

user_lv_cd
  bin_cut  bin_label     size      0.0    1.0  bad_rate  Responder  Non-responder       WOE        IV
0       1        1.0    886.0    886.0    NaN  0.000000        NaN       0.020755       NaN       NaN
1       2        2.0   3383.0   3376.0    7.0  0.002069   0.008589       0.079085 -2.220052  0.156506
2       3        3.0   9423.0   9265.0  158.0  0.016767   0.193865       0.217040 -0.112919  0.002617
3       4        4.0  13518.0  13224.0  294.0  0.021749   0.360736       0.309783  0.152276  0.007759
4       5        5.0  16293.0  15937.0  356.0  0.021850   0.436810       0.373337  0.157017  0.009966

uc_act_decay_6
           bin_cut  bin_label    size     0.0    1.0  bad_rate  Responder  Non-responder       WOE        IV
0  (-0.001, 0.546]   0.157447  4351.0  4277.0   74.0  0.017008   0.090798       0.100192 -0.098457  0.000925
1   (0.546, 1.216]   0.872709  4362.0  4316.0   46.0  0.010546   0.056442       0.101106 -0.582958  0.026037
2   (1.216, 2.008]   1.593664  4339.0  4283.0   56.0  0.012906   0.068712       0.100333 -0.378572  0.011971
3    (2.008, 3.02]   2.496089  4349.0  4285.0   64.0  0.014716   0.078528       0.100379 -0.245508  0.005365
4    (3.02, 4.439]   3.687608  4351.0  4291.0   60.0  0.013790   0.073620       0.100520 -0.311446  0.008378
5   (4.439, 6.367]   5.351476  4350.0  4275.0   75.0  0.017241   0.092025       0.100145 -0.084566  0.000687
6   (6.367, 9.308]   7.701599  4350.0  4289.0   61.0  0.014023   0.074847       0.100473 -0.294450  0.007546
7  (9.308, 14.288]  11.530910  4350.0  4247.0  103.0  0.023678   0.126380       0.099489  0.239246  0.006434
8  (14.288, 25.33]  19.015156  4350.0  4245.0  105.0  0.024138   0.128834       0.099442  0.258948  0.007611
9  (25.33, 520.41]  52.317925  4351.0  4180.0  171.0  0.039301   0.209816       0.097920  0.762082  0.085274

uc_act_time_zone_3
           bin_cut  bin_label     size      0.0    1.0  bad_rate  Responder  Non-responder       WOE        IV
0  (-0.001, 1.667]   0.098454  21875.0  21524.0  351.0  0.016046   0.430675       0.504217 -0.157653  0.011594
1   (1.667, 4.333]   2.928394   4283.0   4214.0   69.0  0.016110   0.084663       0.098716 -0.153576  0.002158
2     (4.333, 7.0]   5.702533   4483.0   4410.0   73.0  0.016284   0.089571       0.103308 -0.142686  0.001960
3      (7.0, 13.0]   9.962437   4333.0   4258.0   75.0  0.017309   0.092025       0.099747 -0.080582  0.000622
4     (13.0, 26.0]  18.711883   4245.0   4147.0   98.0  0.023086   0.120245       0.097147  0.213312  0.004927
5    (26.0, 569.0]  55.533409   4284.0   4135.0  149.0  0.034781   0.182822       0.096866  0.635189  0.054599

uc_act_4
  bin_cut  bin_label     size      0.0    1.0  bad_rate  Responder  Non-responder  WOE   IV
0       0        0.0  43503.0  42688.0  815.0  0.018734        1.0            1.0  0.0  0.0

user_act_time_1day
            bin_cut    bin_label     size      0.0    1.0  bad_rate  Responder  Non-responder       WOE        IV
0     (0.999, 31.0]     6.259652   3678.0   3613.0   65.0  0.017673   0.079755       0.084637 -0.059421  0.000290
1      (31.0, 62.0]    47.554092   1063.0   1038.0   25.0  0.023518   0.030675       0.024316  0.232310  0.001477
2     (62.0, 121.0]    89.948007   1154.0   1128.0   26.0  0.022530   0.031902       0.026424  0.188380  0.001032
3    (121.0, 192.0]   153.328205   1170.0   1140.0   30.0  0.025641   0.036810       0.026705  0.320899  0.003242
4    (192.0, 299.0]   242.373070   1166.0   1129.0   37.0  0.031732   0.045399       0.026448  0.540315  0.010240
5    (299.0, 482.0]   381.310638   1175.0   1127.0   48.0  0.040851   0.058896       0.026401  0.802372  0.026073
6    (482.0, 880.0]   654.694987   1177.0   1121.0   56.0  0.047579   0.068712       0.026260  0.961860  0.040832
7  (880.0, 11917.0]  1755.686542   1174.0   1101.0   73.0  0.062181   0.089571       0.025792  1.244970  0.079403
8                NA          NaN  31746.0  31291.0  455.0  0.014333   0.558282       0.733016 -0.272303  0.047581

user_act_time_2day
             bin_cut    bin_label     size      0.0    1.0  bad_rate  Responder  Non-responder       WOE        IV
0       (0.999, 8.0]     1.365996   4123.0   4066.0   57.0  0.013825   0.069939       0.095249 -0.308879  0.007818
1        (8.0, 43.0]    27.867683   2033.0   2004.0   29.0  0.014265   0.035583       0.046945 -0.277120  0.003149
2       (43.0, 92.0]    68.623704   2219.0   2166.0   53.0  0.023885   0.065031       0.050740  0.248140  0.003546
3      (92.0, 155.0]   124.958399   1899.0   1858.0   41.0  0.021590   0.050307       0.043525  0.144801  0.000982
4     (155.0, 248.0]   201.184456   2033.0   1982.0   51.0  0.025086   0.062577       0.046430  0.298449  0.004819
5     (248.0, 394.0]   316.207418   2049.0   1994.0   55.0  0.026842   0.067485       0.046711  0.367920  0.007643
6     (394.0, 644.0]   504.474659   2052.0   1987.0   65.0  0.031676   0.079755       0.046547  0.538491  0.017882
7    (644.0, 1151.0]   859.814362   2047.0   1964.0   83.0  0.040547   0.101840       0.046008  0.794587  0.044364
8  (1151.0, 18345.0]  2334.546341   2050.0   1953.0   97.0  0.047317   0.119018       0.045751  0.956074  0.070049
9                 NA          NaN  22998.0  22714.0  284.0  0.012349   0.348466       0.532093 -0.423277  0.077725

freq_click
          bin_cut  bin_label    size     0.0    1.0  bad_rate  Responder  Non-responder       WOE        IV
0    (0.999, 1.2]   1.050067  4471.0  4360.0  111.0  0.024827   0.136196       0.102136  0.287788  0.009802
1    (1.2, 1.612]   1.394696  4231.0  4126.0  105.0  0.024817   0.128834       0.096655  0.287382  0.009248
2  (1.612, 2.714]   2.094339  4370.0  4270.0  100.0  0.022883   0.122699       0.100028  0.204286  0.004631
3  (2.714, 3.667]   3.250335  4354.0  4265.0   89.0  0.020441   0.109202       0.099911  0.088924  0.000826
4  (3.667, 4.231]   3.973774  4326.0  4252.0   74.0  0.017106   0.090798       0.099606 -0.092595  0.000816
5  (4.231, 4.692]   4.468776  4368.0  4278.0   90.0  0.020604   0.110429       0.100216  0.097054  0.000991
6    (4.692, 5.0]   4.909450  4471.0  4400.0   71.0  0.015880   0.087117       0.103073 -0.168195  0.002684
7    (5.0, 5.588]   5.312561  4213.0  4146.0   67.0  0.015903   0.082209       0.097123 -0.166722  0.002487
8   (5.588, 6.25]   5.918066  4415.0  4352.0   63.0  0.014270   0.077301       0.101949 -0.276771  0.006822
9    (6.25, 32.0]   7.479662  4284.0  4239.0   45.0  0.010504   0.055215       0.099302 -0.586935  0.025876

uc_indegree_5day
         bin_cut  bin_label     size      0.0    1.0  bad_rate  Responder  Non-responder       WOE        IV
0   (0.999, 2.0]   1.277361  16520.0  16298.0  222.0  0.013438   0.272393       0.381793 -0.337635  0.036938
1     (2.0, 3.0]   3.000000   2590.0   2547.0   43.0  0.016602   0.052761       0.059665 -0.122986  0.000849
2     (3.0, 5.0]   4.453537   3336.0   3269.0   67.0  0.020084   0.082209       0.076579  0.070938  0.000399
3     (5.0, 9.0]   7.337772   4281.0   4188.0   93.0  0.021724   0.114110       0.098107  0.151106  0.002418
4    (9.0, 14.0]  11.778218   3030.0   2951.0   79.0  0.026073   0.096933       0.069129  0.338033  0.009398
5   (14.0, 28.0]  20.266246   3801.0   3685.0  116.0  0.030518   0.142331       0.086324  0.500049  0.028006
6  (28.0, 870.0]  65.401736   3572.0   3440.0  132.0  0.036954   0.161963       0.080585  0.698060  0.056807
7             NA        NaN   6373.0   6310.0   63.0  0.009885   0.077301       0.147817 -0.648271  0.045714

uc_act_time_5day
            bin_cut    bin_label     size      0.0    1.0  bad_rate  Responder  Non-responder       WOE        IV
0     (0.999, 30.0]     4.414837  11202.0  11084.0  118.0  0.010534   0.144785       0.259651 -0.584088  0.067092
1      (30.0, 60.0]    39.980038   3657.0   3619.0   38.0  0.010391   0.046626       0.084778 -0.597882  0.022810
2     (60.0, 105.0]    79.057836   3752.0   3696.0   56.0  0.014925   0.068712       0.086582 -0.231170  0.004131
3    (105.0, 178.0]   139.931100   3701.0   3640.0   61.0  0.016482   0.074847       0.085270 -0.130380  0.001359
4    (178.0, 285.0]   226.877817   3683.0   3591.0   92.0  0.024980   0.112883       0.084122  0.294088  0.008458
5    (285.0, 470.0]   368.342211   3717.0   3635.0   82.0  0.022061   0.100613       0.085153  0.166840  0.002579
6    (470.0, 885.0]   644.995143   3706.0   3573.0  133.0  0.035888   0.163190       0.083700  0.667673  0.053073
7  (885.0, 20961.0]  1876.093750   3712.0   3540.0  172.0  0.046336   0.211043       0.082927  0.934097  0.119673
8                NA          NaN   6373.0   6310.0   63.0  0.009885   0.077301       0.147817 -0.648271  0.045714

ratio_indegree_7day
           bin_cut  bin_label     size      0.0    1.0  bad_rate  Responder  Non-responder       WOE        IV
0  (-5.8e-05, 0.1]   0.050459   4480.0   4447.0   33.0  0.007366   0.040491       0.104174 -0.944992  0.060181
1      (0.1, 0.25]   0.177751   4830.0   4783.0   47.0  0.009731   0.057669       0.112046 -0.664191  0.036117
2    (0.25, 0.445]   0.347329   3741.0   3689.0   52.0  0.013900   0.063804       0.086418 -0.303382  0.006861
3   (0.445, 0.663]   0.531639   4350.0   4277.0   73.0  0.016782   0.089571       0.100192 -0.112063  0.001190
4   (0.663, 0.885]   0.765517   4351.0   4279.0   72.0  0.016548   0.088344       0.100239 -0.126323  0.001503
5     (0.885, 1.0]   0.992618  21751.0  21213.0  538.0  0.024734   0.660123       0.496931  0.283974  0.046342

uc_date_cnt_b7day
  bin_cut  bin_label     size      0.0    1.0  bad_rate  Responder  Non-responder       WOE            IV
0       1        1.0  23042.0  22635.0  407.0  0.017663   0.499387       0.530243 -0.059954  1.849966e-03
1       2        2.0  11358.0  11145.0  213.0  0.018753   0.261350       0.261080  0.001031  2.776269e-07
2       3        3.0   5416.0   5320.0   96.0  0.017725   0.117791       0.124625 -0.056395  3.853934e-04
3       4        4.0   2343.0   2295.0   48.0  0.020487   0.058896       0.053762  0.091198  4.681666e-04
4       5        5.0    925.0    895.0   30.0  0.032432   0.036810       0.020966  0.562859  8.917785e-03
5       6        6.0    333.0    312.0   21.0  0.063063   0.025767       0.007309  1.260004  2.325719e-02
6       7        7.0     86.0     86.0    NaN  0.000000        NaN       0.002015       NaN           NaN

ratio_indegree_2day
            bin_cut  bin_label     size      0.0    1.0  bad_rate  Responder  Non-responder       WOE        IV
0  (0.00101, 0.167]   0.083548   2081.0   2055.0   26.0  0.012494   0.031902       0.048140 -0.411450  0.006681
1    (0.167, 0.421]   0.290202   2020.0   1990.0   30.0  0.014851   0.036810       0.046617 -0.236208  0.002317
2    (0.421, 0.667]   0.543939   2309.0   2260.0   49.0  0.021221   0.060123       0.052942  0.127185  0.000913
3    (0.667, 0.964]   0.838869   1802.0   1733.0   69.0  0.038291   0.084663       0.040597  0.734982  0.032387
4      (0.964, 1.0]   0.999651  12293.0  11936.0  357.0  0.029041   0.438037       0.279610  0.448906  0.071119
5                NA        NaN  22998.0  22714.0  284.0  0.012349   0.348466       0.532093 -0.423277  0.077725

uc_act_time_zone_0
         bin_cut  bin_label     size      0.0    1.0  bad_rate  Responder  Non-responder       WOE            IV
0  (-0.001, 4.0]   0.120430  39325.0  38589.0  736.0  0.018716   0.903067       0.903978 -0.001007  9.169550e-07
1   (4.0, 288.0]  20.125447   4178.0   4099.0   79.0  0.018909   0.096933       0.096022  0.009435  8.587458e-06

uc_act_time_2day
            bin_cut    bin_label     size      0.0    1.0  bad_rate  Responder  Non-responder       WOE        IV
0     (0.999, 11.0]     1.638429   6162.0   6089.0   73.0  0.011847   0.089571       0.142640 -0.465295  0.024693
1      (11.0, 36.0]    27.402920   2055.0   2029.0   26.0  0.012652   0.031902       0.047531 -0.398717  0.006232
2      (36.0, 74.0]    56.457129   2041.0   2001.0   40.0  0.019598   0.049080       0.046875  0.045962  0.000101
3     (74.0, 131.0]   102.655072   2070.0   2016.0   54.0  0.026087   0.066258       0.047226  0.338598  0.006444
4    (131.0, 215.0]   173.068204   2038.0   1980.0   58.0  0.028459   0.071166       0.046383  0.428076  0.010609
5    (215.0, 358.0]   279.681507   2044.0   1980.0   64.0  0.031311   0.078528       0.046383  0.526516  0.016925
6    (358.0, 669.0]   487.429619   2046.0   1967.0   79.0  0.038612   0.096933       0.046079  0.743668  0.037818
7  (669.0, 10987.0]  1387.779893   2049.0   1912.0  137.0  0.066862   0.168098       0.044790  1.322561  0.163082
8                NA          NaN  22998.0  22714.0  284.0  0.012349   0.348466       0.532093 -0.423277  0.077725

ratio_indegree_3day
            bin_cut  bin_label     size      0.0    1.0  bad_rate  Responder  Non-responder       WOE        IV
0  (0.00051, 0.143]   0.071222   2892.0   2870.0   22.0  0.007607   0.026994       0.067232 -0.912540  0.036719
1    (0.143, 0.333]   0.251328   2918.0   2878.0   40.0  0.013708   0.049080       0.067419 -0.317486  0.005823
2    (0.333, 0.517]   0.464863   2531.0   2492.0   39.0  0.015409   0.047853       0.058377 -0.198794  0.002092
3    (0.517, 0.836]   0.696280   2779.0   2713.0   66.0  0.023750   0.080982       0.063554  0.242329  0.004223
4      (0.836, 1.0]   0.991515  16680.0  16215.0  465.0  0.027878   0.570552       0.379849  0.406830  0.077584
5                NA        NaN  15703.0  15520.0  183.0  0.011654   0.224540       0.363568 -0.481914  0.067000

uc_act_time_1day
           bin_cut    bin_label     size      0.0    1.0  bad_rate  Responder  Non-responder       WOE        IV
0     (0.999, 2.0]     1.066519   3608.0   3554.0   54.0  0.014967   0.066258       0.083255 -0.228360  0.003882
1      (2.0, 31.0]    19.552733   1299.0   1278.0   21.0  0.016166   0.025767       0.029938 -0.150044  0.000626
2     (31.0, 61.0]    45.014577   1029.0   1008.0   21.0  0.020408   0.025767       0.023613  0.087284  0.000188
3    (61.0, 106.0]    80.767257   1130.0   1099.0   31.0  0.027434   0.038037       0.025745  0.390316  0.004798
4   (106.0, 180.0]   140.730077   1167.0   1130.0   37.0  0.031705   0.045399       0.026471  0.539430  0.010210
5   (180.0, 296.8]   230.895904   1172.0   1126.0   46.0  0.039249   0.056442       0.026377  0.760700  0.022870
6   (296.8, 546.0]   397.798812   1178.0   1123.0   55.0  0.046689   0.067485       0.026307  0.942059  0.038792
7  (546.0, 7715.0]  1124.382453   1174.0   1079.0   95.0  0.080920   0.116564       0.025276  1.528572  0.139540
8               NA          NaN  31746.0  31291.0  455.0  0.014333   0.558282       0.733016 -0.272303  0.047581

uc_act_decay_2
           bin_cut  bin_label     size      0.0    1.0  bad_rate  Responder  Non-responder       WOE        IV
0  (-0.001, 0.125]   0.005782  30456.0  30082.0  374.0  0.012280   0.458896       0.704695 -0.428941  0.105433
1   (0.125, 0.275]   0.196609   4346.0   4258.0   88.0  0.020249   0.107975       0.099747  0.079267  0.000652
2     (0.275, 0.6]   0.413673   4350.0   4212.0  138.0  0.031724   0.169325       0.098669  0.540046  0.038157
3    (0.6, 19.009]   1.429497   4351.0   4136.0  215.0  0.049414   0.263804       0.096889  1.001639  0.167188

user_id
                  bin_cut      bin_label    size     0.0    1.0  bad_rate  Responder  Non-responder       WOE        IV
0  (200000.999, 210639.2]  205440.922547  4351.0  4267.0   84.0  0.019306   0.103067       0.099958  0.030636  0.000095
1    (210639.2, 221036.4]  215726.380460  4350.0  4265.0   85.0  0.019540   0.104294       0.099911  0.042939  0.000188
2    (221036.4, 231259.2]  226179.561379  4350.0  4273.0   77.0  0.017701   0.094479       0.100098 -0.057781  0.000325
3    (231259.2, 241469.0]  236418.876552  4350.0  4248.0  102.0  0.023448   0.125153       0.099513  0.229254  0.005878
4    (241469.0, 252016.0]  246672.386808  4351.0  4266.0   85.0  0.019536   0.104294       0.099934  0.042704  0.000186
5    (252016.0, 262637.2]  257363.073563  4350.0  4286.0   64.0  0.014713   0.078528       0.100403 -0.245741  0.005376
6    (262637.2, 273276.4]  267902.010575  4350.0  4265.0   85.0  0.019540   0.104294       0.099911  0.042939  0.000188
7    (273276.4, 283752.6]  278483.085517  4350.0  4267.0   83.0  0.019080   0.101840       0.099958  0.018659  0.000035
8    (283752.6, 294257.8]  288988.392644  4350.0  4267.0   83.0  0.019080   0.101840       0.099958  0.018659  0.000035
9    (294257.8, 305317.0]  299729.056309  4351.0  4284.0   67.0  0.015399   0.082209       0.100356 -0.199465  0.003620

last_tm_dist
                bin_cut      bin_label    size     0.0    1.0  bad_rate  Responder  Non-responder       WOE        IV
0      (0.999, 10164.8]    5095.892209  4351.0  4203.0  148.0  0.034015   0.181595       0.098459  0.612143  0.050891
1    (10164.8, 26363.2]   17383.221149  4350.0  4247.0  103.0  0.023678   0.126380       0.099489  0.239246  0.006434
2    (26363.2, 49805.8]   37802.098621  4350.0  4251.0   99.0  0.022759   0.121472       0.099583  0.198695  0.004349
3    (49805.8, 94160.6]   74019.961379  4350.0  4278.0   72.0  0.016552   0.088344       0.100216 -0.126090  0.001497
4   (94160.6, 125738.0]  108674.535509  4351.0  4268.0   83.0  0.019076   0.101840       0.099981  0.018425  0.000034
5  (125738.0, 181980.2]  152622.263218  4350.0  4269.0   81.0  0.018621   0.099387       0.100005 -0.006201  0.000004
6  (181980.2, 226930.8]  203935.489885  4350.0  4280.0   70.0  0.016092   0.085890       0.100262 -0.154728  0.002224
7  (226930.8, 304453.2]  271786.748966  4350.0  4297.0   53.0  0.012184   0.065031       0.100661 -0.436895  0.015567
8  (304453.2, 433218.4]  359120.567126  4350.0  4295.0   55.0  0.012644   0.067485       0.100614 -0.399389  0.013231
9  (433218.4, 604797.0]  507189.334636  4351.0  4300.0   51.0  0.011721   0.062577       0.100731 -0.476060  0.018164

uc_date_ratio_7
          bin_cut  bin_label     size      0.0    1.0  bad_rate  Responder  Non-responder       WOE        IV
0  (0.142, 0.333]   0.275009   4831.0   4801.0   30.0  0.006210   0.036810       0.112467 -1.116897  0.084502
1    (0.333, 0.5]   0.488557   6328.0   6258.0   70.0  0.011062   0.085890       0.146599 -0.534636  0.032457
2    (0.5, 0.667]   0.651107   3105.0   3062.0   43.0  0.013849   0.052761       0.071730 -0.307138  0.005826
3    (0.667, 1.0]   0.985297  29239.0  28567.0  672.0  0.022983   0.824540       0.669204  0.208736  0.032424

uc_indegree_1day
         bin_cut  bin_label     size      0.0    1.0  bad_rate  Responder  Non-responder       WOE        IV
0   (0.999, 2.0]   1.213836   6664.0   6526.0  138.0  0.020708   0.169325       0.152877  0.102189  0.001681
1     (2.0, 3.0]   3.000000    719.0    694.0   25.0  0.034771   0.030675       0.016257  0.634889  0.009153
2     (3.0, 5.0]   4.433983    924.0    891.0   33.0  0.035714   0.040491       0.020872  0.662648  0.013000
3     (5.0, 9.0]   7.301870   1123.0   1090.0   33.0  0.029386   0.040491       0.025534  0.461060  0.006896
4    (9.0, 18.0]  13.156093   1198.0   1143.0   55.0  0.045910   0.067485       0.026776  0.924407  0.037632
5  (18.0, 428.0]  41.068202   1129.0   1053.0   76.0  0.067316   0.093252       0.024667  1.329820  0.091205
6             NA        NaN  31746.0  31291.0  455.0  0.014333   0.558282       0.733016 -0.272303  0.047581

uc_act_decay_5
            bin_cut  bin_label     size      0.0    1.0  bad_rate  Responder  Non-responder  WOE   IV
0  (-0.001, 11.316]   0.036674  43503.0  42688.0  815.0  0.018734        1.0            1.0  0.0  0.0

ratio_1_6
           bin_cut  bin_label    size     0.0    1.0  bad_rate  Responder  Non-responder       WOE        IV
0  (-0.001, 0.348]   0.220284  4383.0  4294.0   89.0  0.020306   0.109202       0.100590  0.082147  0.000707
1   (0.348, 0.437]   0.397258  4318.0  4230.0   88.0  0.020380   0.107975       0.099091  0.085865  0.000763
2     (0.437, 0.5]   0.482676  6906.0  6808.0   98.0  0.014191   0.120245       0.159483 -0.282401  0.011081
3     (0.5, 0.533]   0.520532  1841.0  1801.0   40.0  0.021727   0.049080       0.042190  0.151267  0.001042
4   (0.533, 0.595]   0.564156  4343.0  4278.0   65.0  0.014967   0.079755       0.100216 -0.228369  0.004673
5   (0.595, 0.667]   0.642012  7139.0  7006.0  133.0  0.018630   0.163190       0.164121 -0.005688  0.000005
6   (0.667, 0.706]   0.690233  1557.0  1526.0   31.0  0.019910   0.038037       0.035748  0.062067  0.000142
7   (0.706, 0.809]   0.756666  4316.0  4240.0   76.0  0.017609   0.093252       0.099325 -0.063100  0.000383
8     (0.809, 1.0]   0.926964  4958.0  4852.0  106.0  0.021380   0.130061       0.113662  0.134778  0.002210
9     (1.0, 543.0]   8.257310  3742.0  3653.0   89.0  0.023784   0.109202       0.085574  0.243817  0.005761

uc_act_2
         bin_cut  bin_label     size      0.0    1.0  bad_rate  Responder  Non-responder       WOE        IV
0  (-0.001, 1.0]   0.135057  37984.0  37406.0  578.0  0.015217   0.709202       0.876265 -0.211528  0.035338
1     (1.0, 2.0]   2.000000   2240.0   2162.0   78.0  0.034821   0.095706       0.050647  0.636405  0.028676
2    (2.0, 61.0]   5.475755   3279.0   3120.0  159.0  0.048490   0.195092       0.073088  0.981801  0.119783

uc_act_totalCnt_7day
           bin_cut   bin_label    size     0.0    1.0  bad_rate  Responder  Non-responder       WOE        IV
0     (0.999, 4.0]    2.442276  4868.0  4815.0   53.0  0.010887   0.065031       0.112795 -0.550714  0.026305
1       (4.0, 6.0]    5.530639  5320.0  5265.0   55.0  0.010338   0.067485       0.123337 -0.603018  0.033680
2       (6.0, 9.0]    8.007339  3134.0  3093.0   41.0  0.013082   0.050307       0.072456 -0.364840  0.008081
3      (9.0, 14.0]   11.773477  4728.0  4669.0   59.0  0.012479   0.072393       0.109375 -0.412678  0.015262
4     (14.0, 20.0]   17.292887  4063.0  3991.0   72.0  0.017721   0.088344       0.093492 -0.056646  0.000292
5     (20.0, 29.0]   24.674069  4053.0  3978.0   75.0  0.018505   0.092025       0.093188 -0.012561  0.000015
6     (29.0, 44.0]   36.310928  4493.0  4400.0   93.0  0.020699   0.114110       0.103073  0.101725  0.001123
7     (44.0, 69.0]   55.691797  4218.0  4121.0   97.0  0.022997   0.119018       0.096538  0.209345  0.004706
8    (69.0, 127.0]   93.029569  4295.0  4185.0  110.0  0.025611   0.134969       0.098037  0.319703  0.011807
9  (127.0, 3789.0]  267.746248  4331.0  4171.0  160.0  0.036943   0.196319       0.097709  0.697748  0.068805

uc_act_decay_1
             bin_cut  bin_label    size     0.0    1.0  bad_rate  Responder  Non-responder       WOE        IV
0    (-0.001, 0.439]   0.243237  4378.0  4327.0   51.0  0.011649   0.062577       0.101363 -0.482319  0.018708
1     (0.439, 0.812]   0.622362  4323.0  4265.0   58.0  0.013417   0.071166       0.099911 -0.339269  0.009752
2     (0.812, 1.264]   1.035684  4350.0  4289.0   61.0  0.014023   0.074847       0.100473 -0.294450  0.007546
3     (1.264, 1.861]   1.554164  4350.0  4300.0   50.0  0.011494   0.061350       0.100731 -0.495862  0.019528
4     (1.861, 2.679]   2.242536  4351.0  4281.0   70.0  0.016088   0.085890       0.100286 -0.154962  0.002231
5     (2.679, 3.829]   3.223080  4351.0  4275.0   76.0  0.017467   0.093252       0.100145 -0.071321  0.000492
6     (3.829, 5.515]   4.601061  4349.0  4270.0   79.0  0.018165   0.096933       0.100028 -0.031436  0.000097
7     (5.515, 8.504]   6.857410  4350.0  4271.0   79.0  0.018161   0.096933       0.100052 -0.031670  0.000099
8    (8.504, 15.003]  11.199655  4350.0  4236.0  114.0  0.026207   0.139877       0.099232  0.343309  0.013954
9  (15.003, 324.394]  30.660614  4351.0  4174.0  177.0  0.040680   0.217178       0.097779  0.798005  0.095281

indegree_total_7day
          bin_cut   bin_label     size      0.0    1.0  bad_rate  Responder  Non-responder       WOE        IV
0    (0.999, 2.0]    1.371637  10260.0  10099.0  161.0  0.015692   0.197546       0.236577 -0.180302  0.007037
1      (2.0, 4.0]    3.442496   4791.0   4719.0   72.0  0.015028   0.088344       0.110546 -0.224201  0.004978
2      (4.0, 6.0]    5.461369   3184.0   3117.0   67.0  0.021043   0.082209       0.073018  0.118551  0.001090
3      (6.0, 9.0]    7.940653   3707.0   3637.0   70.0  0.018883   0.085890       0.085200  0.008066  0.000006
4     (9.0, 14.0]   11.843404   4336.0   4258.0   78.0  0.017989   0.095706       0.099747 -0.041361  0.000167
5    (14.0, 22.0]   18.153520   4488.0   4403.0   85.0  0.018939   0.104294       0.103144  0.011095  0.000013
6    (22.0, 35.0]   28.342411   4039.0   3945.0   94.0  0.023273   0.115337       0.092415  0.221576  0.005079
7    (35.0, 68.0]   48.946852   4384.0   4282.0  102.0  0.023266   0.125153       0.100309  0.221282  0.005498
8  (68.0, 1945.0]  151.498146   4314.0   4228.0   86.0  0.019935   0.105521       0.099044  0.063348  0.000410

ratio_act_time_2day
               bin_cut  bin_label     size      0.0    1.0  bad_rate  Responder  Non-responder       WOE        IV
0  (-0.000872, 0.0462]   0.012094   2051.0   2033.0   18.0  0.008776   0.022086       0.047625 -0.768411  0.019624
1      (0.0462, 0.342]   0.176854   2050.0   2014.0   36.0  0.017561   0.044172       0.047180 -0.065874  0.000198
2       (0.342, 0.817]   0.571024   2051.0   2007.0   44.0  0.021453   0.053988       0.047016  0.138278  0.000964
3         (0.817, 1.0]   0.995203  14353.0  13920.0  433.0  0.030168   0.531288       0.326087  0.488141  0.100167
4                   NA        NaN  22998.0  22714.0  284.0  0.012349   0.348466       0.532093 -0.423277  0.077725

uc_date_cnt_b15day
        bin_cut  bin_label     size      0.0    1.0  bad_rate  Responder  Non-responder       WOE        IV
0  (0.999, 2.0]   1.497464  21889.0  21377.0  512.0  0.023391   0.628221       0.500773  0.226739  0.028897
1    (2.0, 3.0]   3.000000   8291.0   8188.0  103.0  0.012423   0.126380       0.191810 -0.417211  0.027298
2    (3.0, 4.0]   4.000000   5520.0   5445.0   75.0  0.013587   0.092025       0.127553 -0.326480  0.011599
3    (4.0, 5.0]   5.000000   3462.0   3420.0   42.0  0.012132   0.051534       0.080116 -0.441241  0.012612
4   (5.0, 15.0]   7.165169   4341.0   4258.0   83.0  0.019120   0.101840       0.099747  0.020771  0.000043

indegree_total_5day
          bin_cut   bin_label     size     0.0    1.0  bad_rate  Responder  Non-responder       WOE        IV
0    (0.999, 2.0]    1.358020  10019.0  9865.0  154.0  0.015371   0.188957       0.231095 -0.201311  0.008483
1      (2.0, 3.0]    3.000000   2489.0  2450.0   39.0  0.015669   0.047853       0.057393 -0.181797  0.001734
2      (3.0, 5.0]    4.454545   3366.0  3295.0   71.0  0.021093   0.087117       0.077188  0.121003  0.001201
3      (5.0, 8.0]    6.923607   3626.0  3553.0   73.0  0.020132   0.089571       0.083232  0.073397  0.000465
4     (8.0, 12.0]   10.391507   3438.0  3356.0   82.0  0.023851   0.100613       0.078617  0.246699  0.005427
5    (12.0, 18.0]   15.285933   3263.0  3210.0   53.0  0.016243   0.065031       0.075197 -0.145249  0.001477
6    (18.0, 29.0]   23.382872   3573.0  3482.0   91.0  0.025469   0.111656       0.081569  0.313982  0.009447
7    (29.0, 57.0]   41.122201   3707.0  3608.0   99.0  0.026706   0.121472       0.084520  0.362696  0.013402
8  (57.0, 1945.0]  129.742121   3649.0  3559.0   90.0  0.024664   0.110429       0.083372  0.281060  0.007605
9              NA         NaN   6373.0  6310.0   63.0  0.009885   0.077301       0.147817 -0.648271  0.045714

reg_tm_dist
            bin_cut    bin_label    size     0.0   1.0  bad_rate  Responder  Non-responder       WOE        IV
0    (0.999, 157.0]    80.396619  4377.0  4305.0  72.0  0.016450   0.088344       0.100848 -0.132381  0.001655
1    (157.0, 339.0]   247.508663  4329.0  4247.0  82.0  0.018942   0.100613       0.099489  0.011236  0.000013
2    (339.0, 542.0]   440.797155  4358.0  4296.0  62.0  0.014227   0.076074       0.100637 -0.279820  0.006873
3    (542.0, 771.8]   658.926447  4337.0  4264.0  73.0  0.016832   0.089571       0.099888 -0.109019  0.001125
4   (771.8, 1026.0]   896.032776  4363.0  4294.0  69.0  0.015815   0.084663       0.100590 -0.172382  0.002746
5  (1026.0, 1265.0]  1138.404549  4353.0  4263.0  90.0  0.020675   0.110429       0.099864  0.100566  0.001063
6  (1265.0, 1476.4]  1368.035986  4335.0  4239.0  96.0  0.022145   0.117791       0.099302  0.170751  0.003157
7  (1476.4, 1697.6]  1582.965977  4350.0  4257.0  93.0  0.021379   0.114110       0.099724  0.134765  0.001939
8  (1697.6, 2042.0]  1860.913492  4358.0  4272.0  86.0  0.019734   0.105521       0.100075  0.052995  0.000289
9  (2042.0, 4602.0]  2449.456827  4343.0  4251.0  92.0  0.021184   0.112883       0.099583  0.125364  0.001667

ratio_act_time_1day
              bin_cut  bin_label     size      0.0    1.0  bad_rate  Responder  Non-responder       WOE        IV
0  (-0.00088, 0.0667]   0.015756   1177.0   1167.0   10.0  0.008496   0.012270       0.027338 -0.801122  0.012071
1     (0.0667, 0.474]   0.242575   1175.0   1144.0   31.0  0.026383   0.038037       0.026799  0.350186  0.003935
2        (0.474, 1.0]   0.967744   9405.0   9086.0  319.0  0.033918   0.391411       0.212847  0.609186  0.108779
3                  NA        NaN  31746.0  31291.0  455.0  0.014333   0.558282       0.733016 -0.272303  0.047581

max_click
        bin_cut  bin_label    size     0.0    1.0  bad_rate  Responder  Non-responder       WOE            IV
0  (0.999, 2.0]   1.587755  6370.0  6235.0  135.0  0.021193   0.165644       0.146060  0.125826  2.464224e-03
1    (2.0, 3.0]   3.000000  2865.0  2794.0   71.0  0.024782   0.087117       0.065452  0.285935  6.194765e-03
2    (3.0, 5.0]   4.704973  4142.0  4079.0   63.0  0.015210   0.077301       0.095554 -0.211987  3.869442e-03
3    (5.0, 6.0]   6.000000  4878.0  4804.0   74.0  0.015170   0.090798       0.112537 -0.214654  4.666566e-03
4    (6.0, 8.0]   7.522931  5691.0  5588.0  103.0  0.018099   0.126380       0.130903 -0.035163  1.590385e-04
5    (8.0, 9.0]   9.000000  2612.0  2563.0   49.0  0.018760   0.060123       0.060040  0.001372  1.130285e-07
6   (9.0, 11.0]  10.412509  5372.0  5273.0   99.0  0.018429   0.121472       0.123524 -0.016750  3.436710e-05
7  (11.0, 13.0]  12.372705  4411.0  4328.0   83.0  0.018817   0.101840       0.101387  0.004465  2.025611e-06
8  (13.0, 15.0]  14.499335  3006.0  2953.0   53.0  0.017631   0.065031       0.069176 -0.061800  2.562025e-04
9  (15.0, 69.0]  18.686237  4156.0  4071.0   85.0  0.020452   0.104294       0.095366  0.089492  7.989963e-04

date_ratio_15
           bin_cut  bin_label    size     0.0    1.0  bad_rate  Responder  Non-responder       WOE        IV
0  (0.0253, 0.167]   0.125648  5311.0  5280.0   31.0  0.005837   0.038037       0.123688 -1.179209  0.101001
1   (0.167, 0.222]   0.200758  3944.0  3917.0   27.0  0.006846   0.033129       0.091759 -1.018759  0.059730
2   (0.222, 0.269]   0.248331  3851.0  3804.0   47.0  0.012205   0.057669       0.089112 -0.435176  0.013683
3   (0.269, 0.333]   0.309123  6709.0  6622.0   87.0  0.012968   0.106748       0.155126 -0.373760  0.018081
4   (0.333, 0.375]   0.364063  2229.0  2205.0   24.0  0.010767   0.029448       0.051654 -0.561944  0.012479
5   (0.375, 0.444]   0.412970  4395.0  4343.0   52.0  0.011832   0.063804       0.101738 -0.466592  0.017700
6     (0.444, 0.5]   0.490333  4380.0  4270.0  110.0  0.025114   0.134969       0.100028  0.299596  0.010468
7     (0.5, 0.667]   0.605743  5319.0  5217.0  102.0  0.019177   0.125153       0.122212  0.023780  0.000070
8   (0.667, 0.857]   0.769822  3112.0  3053.0   59.0  0.018959   0.072393       0.071519  0.012142  0.000011
9     (0.857, 1.0]   0.991753  4253.0  3977.0  276.0  0.064895   0.338650       0.093164  1.290603  0.316825

user_act_totalCnt
             bin_cut    bin_label    size     0.0    1.0  bad_rate  Responder  Non-responder       WOE        IV
0     (-0.001, 50.0]    28.307727  4439.0  4214.0  225.0  0.050687   0.276074       0.098716  1.028418  0.182397
1       (50.0, 92.0]    71.577560  4287.0  4171.0  116.0  0.027059   0.142331       0.097709  0.376164  0.016785
2      (92.0, 139.0]   115.711965  4371.0  4288.0   83.0  0.018989   0.101840       0.100450  0.013750  0.000019
3     (139.0, 194.0]   166.412978  4315.0  4242.0   73.0  0.016918   0.089571       0.099372 -0.103846  0.001018
4     (194.0, 265.0]   227.806169  4344.0  4280.0   64.0  0.014733   0.078528       0.100262 -0.244340  0.005311
5     (265.0, 360.0]   310.537409  4384.0  4324.0   60.0  0.013686   0.073620       0.101293 -0.319107  0.008831
6     (360.0, 499.0]   424.926294  4328.0  4273.0   55.0  0.012708   0.067485       0.100098 -0.394253  0.012858
7     (499.0, 723.0]   600.419645  4337.0  4289.0   48.0  0.011068   0.058896       0.100473 -0.534123  0.022207
8    (723.0, 1175.0]   915.721443  4351.0  4306.0   45.0  0.010342   0.055215       0.100871 -0.602617  0.027514
9  (1175.0, 15532.0]  2150.996089  4347.0  4301.0   46.0  0.010582   0.056442       0.100754 -0.579476  0.025678

mean_uc_act
          bin_cut   bin_label    size     0.0    1.0  bad_rate  Responder  Non-responder       WOE        IV
0    (0.999, 3.0]    2.038946  4490.0  4440.0   50.0  0.011136   0.061350       0.104010 -0.527902  0.022521
1      (3.0, 5.0]    4.624491  4475.0  4434.0   41.0  0.009162   0.050307       0.103870 -0.725000  0.038833
2      (5.0, 7.0]    6.208250  4857.0  4803.0   54.0  0.011118   0.066258       0.112514 -0.529527  0.024494
3    (7.0, 9.667]    8.445612  3582.0  3533.0   49.0  0.013680   0.060123       0.082763 -0.319597  0.007236
4   (9.667, 13.0]   11.371527  4810.0  4737.0   73.0  0.015177   0.089571       0.110968 -0.214215  0.004584
5    (13.0, 17.5]   15.329991  3945.0  3877.0   68.0  0.017237   0.083436       0.090822 -0.084824  0.000627
6    (17.5, 24.0]   20.696754  4482.0  4390.0   92.0  0.020527   0.112883       0.102839  0.093189  0.000936
7    (24.0, 35.0]   29.320793  4360.0  4267.0   93.0  0.021330   0.114110       0.099958  0.132418  0.001874
8    (35.0, 56.0]   44.481256  4170.0  4054.0  116.0  0.027818   0.142331       0.094968  0.404616  0.019164
9  (56.0, 1269.0]  101.744995  4332.0  4153.0  179.0  0.041320   0.219632       0.097287  0.814285  0.099623

uc_act_time_7day
            bin_cut    bin_label    size     0.0    1.0  bad_rate  Responder  Non-responder       WOE        IV
0      (0.999, 2.0]     1.090059  9416.0  9326.0   90.0  0.009558   0.110429       0.218469 -0.682267  0.073712
1       (2.0, 31.0]    18.512136  4120.0  4084.0   36.0  0.008738   0.044172       0.095671 -0.772828  0.039800
2      (31.0, 62.0]    47.574771  3932.0  3892.0   40.0  0.010173   0.049080       0.091173 -0.619314  0.026069
3     (62.0, 121.0]    90.542943  4308.0  4246.0   62.0  0.014392   0.076074       0.099466 -0.268113  0.006272
4    (121.0, 197.0]   156.002532  4345.0  4272.0   73.0  0.016801   0.089571       0.100075 -0.110893  0.001165
5    (197.0, 315.0]   252.380525  4344.0  4255.0   89.0  0.020488   0.109202       0.099677  0.091271  0.000869
6    (315.0, 523.0]   409.942436  4343.0  4235.0  108.0  0.024868   0.132515       0.099208  0.289478  0.009642
7    (523.0, 984.0]   715.992410  4348.0  4201.0  147.0  0.033809   0.180368       0.098412  0.605840  0.049652
8  (984.0, 26799.0]  2055.175063  4347.0  4177.0  170.0  0.039107   0.208589       0.097850  0.756935  0.083823

ratio_act_time_7day
                bin_cut  bin_label     size      0.0    1.0  bad_rate  Responder  Non-responder       WOE        IV
0  (-0.0009627, 0.0223]   0.006547   4351.0   4322.0   29.0  0.006665   0.035583       0.101246 -1.045693  0.068664
1       (0.0223, 0.161]   0.080486   4350.0   4314.0   36.0  0.008276   0.044172       0.101059 -0.827617  0.047081
2        (0.161, 0.408]   0.272994   4350.0   4291.0   59.0  0.013563   0.072393       0.100520 -0.328253  0.009233
3        (0.408, 0.752]   0.576085   4358.0   4273.0   85.0  0.019504   0.104294       0.100098  0.041065  0.000172
4          (0.752, 1.0]   0.984587  26094.0  25488.0  606.0  0.023224   0.743558       0.597076  0.219402  0.032138

ratio_indegree_1day
                        bin_cut  bin_label     size      0.0    1.0  bad_rate  Responder  Non-responder       WOE        IV
0  (0.0015300000000000001, 0.2]   0.103312   1200.0   1178.0   22.0  0.018333   0.026994       0.027596 -0.022046  0.000013
1                    (0.2, 0.5]   0.401331   1680.0   1654.0   26.0  0.015476   0.031902       0.038746 -0.194370  0.001330
2                  (0.5, 0.773]   0.662162    649.0    623.0   26.0  0.040062   0.031902       0.014594  0.782035  0.013535
3                  (0.773, 1.0]   0.990727   8228.0   7942.0  286.0  0.034759   0.350920       0.186048  0.634556  0.104621
4                            NA        NaN  31746.0  31291.0  455.0  0.014333   0.558282       0.733016 -0.272303  0.047581

ratio_act_time_5day
                bin_cut  bin_label     size      0.0    1.0  bad_rate  Responder  Non-responder       WOE        IV
0  (-0.0009723, 0.0208]   0.005907   3716.0   3690.0   26.0  0.006997   0.031902       0.086441 -0.996800  0.054365
1       (0.0208, 0.147]   0.074897   3710.0   3668.0   42.0  0.011321   0.051534       0.085926 -0.511247  0.017583
2        (0.147, 0.355]   0.246099   3715.0   3642.0   73.0  0.019650   0.089571       0.085317  0.048656  0.000207
3        (0.355, 0.601]   0.479844   3711.0   3618.0   93.0  0.025061   0.114110       0.084754  0.297408  0.008731
4         (0.601, 0.83]   0.714879   3713.0   3552.0  161.0  0.043361   0.197546       0.083208  0.864623  0.098859
5           (0.83, 1.0]   0.991728  18565.0  18208.0  357.0  0.019230   0.438037       0.426537  0.026604  0.000306
6                    NA        NaN   6373.0   6310.0   63.0  0.009885   0.077301       0.147817 -0.648271  0.045714

user_act_time_3day
             bin_cut    bin_label     size      0.0    1.0  bad_rate  Responder  Non-responder       WOE        IV
0      (0.999, 22.0]     3.127451   5610.0   5539.0   71.0  0.012656   0.087117       0.129755 -0.398404  0.016988
1       (22.0, 61.0]    39.941606   2740.0   2698.0   42.0  0.015328   0.051534       0.063203 -0.204111  0.002382
2      (61.0, 121.0]    88.295991   2794.0   2735.0   59.0  0.021117   0.072393       0.064070  0.122136  0.001017
3     (121.0, 199.0]   156.611131   2767.0   2722.0   45.0  0.016263   0.055215       0.063765 -0.143975  0.001231
4     (199.0, 312.0]   251.912293   2782.0   2714.0   68.0  0.024443   0.083436       0.063578  0.271814  0.005398
5     (312.0, 484.0]   393.040346   2776.0   2714.0   62.0  0.022334   0.076074       0.063578  0.179441  0.002242
6     (484.0, 780.0]   617.927489   2772.0   2689.0   83.0  0.029942   0.101840       0.062992  0.480401  0.018663
7    (780.0, 1419.0]  1047.367986   2780.0   2682.0   98.0  0.035252   0.120245       0.062828  0.649134  0.037272
8  (1419.0, 28914.0]  2934.482908   2779.0   2675.0  104.0  0.037424   0.127607       0.062664  0.711171  0.046186
9                 NA          NaN  15703.0  15520.0  183.0  0.011654   0.224540       0.363568 -0.481914  0.067000

uc_act_time_zone_1
          bin_cut  bin_label     size      0.0    1.0  bad_rate  Responder  Non-responder       WOE        IV
0   (-0.001, 1.0]   0.042706  26531.0  26059.0  472.0  0.017791   0.579141       0.610453 -0.052654  0.001649
1    (1.0, 3.667]   2.425249   3981.0   3921.0   60.0  0.015072   0.073620       0.091853 -0.221272  0.004034
2  (3.667, 7.333]   5.395044   4304.0   4232.0   72.0  0.016729   0.088344       0.099138 -0.115279  0.001244
3   (7.333, 16.0]  11.134397   4379.0   4289.0   90.0  0.020553   0.110429       0.100473  0.094486  0.000941
4   (16.0, 293.0]  38.361339   4308.0   4187.0  121.0  0.028087   0.148466       0.098084  0.414536  0.020885

